
** METHOD:
	dbscan
RADIUS: 14
	MINIMUM POINT CONDITION FOR CLUSTER: 2

** (shape=(1, 473)) DATA:
[[8309   62   25  257  127    4  100  177   92  755 1254 1137  143  149
   160   91  328   90  104  953  501  203  663 1720  277  274    6   38
    13  110   24   63   23  116   40  168  108  223  222   84  104  110
   248   19   83   46   16   10   46  142  558   78  612  110    5    4
     5   50  656   28  312   12   14    6   27    3    7  169   65  239
    13  122   55  301  134    5   37  157  203  498   10   49   39  232
    30   38  233   91   32   51   86   72   38  551  106   36  171   17
    17   44    1   51   38   71   75   28   79   65   71    4    1   21
   212   87  133    1   22   17   15   31  280    5    2  274  121  235
   151    1   89   40   11   43   10   34   14   33   24  209   13   65
    55   13   69    2   86    5   20   41    1    4    8   83  117   17
    23   35   58  299  304    3    4    5    7    3   52   37  154   86
   475   71   92   14   83  301  602    9  111  194   29   38   75   93
    97   57  542   29  341   10    9   27   25  226   14  168   17   47
   139   28   16   13  293  112   50  162   13   69  169  479  218   22
     9   80  210  144   80   14    1    8   21    1    2   30   26   60
    64   55  430  112    3    1   33   76  115   52   90   35  304   69
    82  198  439   52  243  155  120  343  122  129  144  344   28   33
     5    5    1    5   26   78   49   27   40   10  565  152  116  269
    67   62   65   51   14   42   35    2   32  336    3   58   49  104
   240   79   33  139    5   32   20   61  188   12    4  169  253   28
   222   11    9   64  150  135   11    4    6    1  403   26    5    6
     5    2    5   11   23   26   26  597   34   59   35    2   11    5
     4   37    9   12    6   16   20   13   31  350   29  171  439   95
    38  133  571    5    6    4  166   41    1   48  223   42   18    8
    31  141    3  253   11   38   42   21  356   40   23   63   37  336
   204  246   34   34   84   47   24  128    5   15   59    5   32   16
   230   61   15   18  161  212  134  155  274   73  107  127    3   39
    50    3  238   56   47  244   35   63  108   48   97   79    3   44
    30   36   65   52   68    7  133  294  297  157    4  100   93   16
    57   40    8    5   49  150  553   24  321   35   87  242  581   44
    61  177   76    5  139  356  281  161  158   63  954  107  111  377
   182    1 1898  505   58  100  848    8  790  631 1058 3875  906  107
    20  392 1551  219 1048   40   83   17  164  737    3]]

 .. K=10 CLUSTERS:

cluster #0 (shape=(1, 433)):
[[ 62  63  50  38  25  13   4   6  19  24  23  16  10   5   4   5  12  14
   28  40  46  46  55  65  78  92 100  91  90 104 110 116 127 122 108 104
  110 110 106 117 121 134 143 149 160 168 177 169 157 171 168 154 142 133
  139 151 162 169 155 144 144 152 139 129 115 111  97  84  83  91  86  72
   71  75  79  65  51  37  27  13   6   3   7   5  10  17  30  39  49  38
   32  38  36  44  51  38  28  17   4   1   1   1  15  21  22  17  31  40
   43  34  33  24  11   5   2   1  10  14  13  13   2   5   1   4   8  20
   17  23  35  41  55  65  71  69  83  87  89  86  86  92  83  71  58  52
   38  37  29  29  27  14   3   4   5   7   3   9  10   9  14  25  17  28
   16  13  13  22   9  14   1   8  21  30  26  33  47  57  50  60  69  75
   80  93  80  76  64  55  52  52  49  35  28  33  26  27  40  51  62  69
   82  90  78  67  65  58  49  42  35  32  33  32  20  10   1   2   3   1
    5   5   1   5  14   2   3   5  12   4  11   9  11   4   6   1   5   6
    5   2   5  11  23  28  26  26  26  34  35  37  31  20  11   2   5   4
    9  12   6  16  13   5   6   4   1   8  18  29  38  41  48  61  64  59
   63  59  47  42  31  38  42  40  37  23  11   3   5  15  21  34  34  24
   32  18   5  16  15   3   3   3   7   4  16  30  39  50  61  73  79  84
   95 104 112 112 120 122 116 128 135 133 141 150 161 169 171 166 155 157
  150 139 134 127 133 161 158 164 177 188 194 203 203 212 223 222 232 239
  248 257 243 233 235 226 218 209 210 198 204 212 222 223 230 240 253 253
  246 238 244 242 219 269 277 274 280 274 274 281 293 301 312 299 304 301
  304 294 297 321 328 341 343 344 336 350 356 356 336 182 107 108  97 100
   93  79  65  56  47  35  48  44  36  40  52  63  68  57  49  35  24  20
    8   5   5   1   8  17   3  44  58  61  63  76  87 100 107 111 107  83
   40]]

cluster #1 (shape=(1, 2)):
[[953 954]]

cluster #2 (shape=(1, 3)):
[[501 498 505]]

cluster #3 (shape=(1, 2)):
[[663 656]]

cluster #4 (shape=(1, 7)):
[[558 551 542 553 565 571 581]]

cluster #5 (shape=(1, 3)):
[[612 602 597]]

cluster #6 (shape=(1, 2)):
[[475 479]]

cluster #7 (shape=(1, 3)):
[[430 439 439]]

cluster #8 (shape=(1, 2)):
[[403 392]]

cluster #9 (shape=(1, 2)):
[[1058 1048]]

noise #0 (shape=(1, 1)):
[[8309]]

noise #1 (shape=(1, 1)):
[[755]]

noise #2 (shape=(1, 1)):
[[1254]]

noise #3 (shape=(1, 1)):
[[1137]]

noise #4 (shape=(1, 1)):
[[1720]]

noise #5 (shape=(1, 1)):
[[377]]

noise #6 (shape=(1, 1)):
[[1898]]

noise #7 (shape=(1, 1)):
[[848]]

noise #8 (shape=(1, 1)):
[[790]]

noise #9 (shape=(1, 1)):
[[631]]

noise #10 (shape=(1, 1)):
[[3875]]

noise #11 (shape=(1, 1)):
[[906]]

noise #12 (shape=(1, 1)):
[[1551]]

noise #13 (shape=(1, 1)):
[[737]]


** AGGLOMERATIVE hierarchical METHOD
	LINKAGE CRITERION: single

** (shape=(1, 473)) DATA:
[[8309   62   25  257  127    4  100  177   92  755 1254 1137  143  149
   160   91  328   90  104  953  501  203  663 1720  277  274    6   38
    13  110   24   63   23  116   40  168  108  223  222   84  104  110
   248   19   83   46   16   10   46  142  558   78  612  110    5    4
     5   50  656   28  312   12   14    6   27    3    7  169   65  239
    13  122   55  301  134    5   37  157  203  498   10   49   39  232
    30   38  233   91   32   51   86   72   38  551  106   36  171   17
    17   44    1   51   38   71   75   28   79   65   71    4    1   21
   212   87  133    1   22   17   15   31  280    5    2  274  121  235
   151    1   89   40   11   43   10   34   14   33   24  209   13   65
    55   13   69    2   86    5   20   41    1    4    8   83  117   17
    23   35   58  299  304    3    4    5    7    3   52   37  154   86
   475   71   92   14   83  301  602    9  111  194   29   38   75   93
    97   57  542   29  341   10    9   27   25  226   14  168   17   47
   139   28   16   13  293  112   50  162   13   69  169  479  218   22
     9   80  210  144   80   14    1    8   21    1    2   30   26   60
    64   55  430  112    3    1   33   76  115   52   90   35  304   69
    82  198  439   52  243  155  120  343  122  129  144  344   28   33
     5    5    1    5   26   78   49   27   40   10  565  152  116  269
    67   62   65   51   14   42   35    2   32  336    3   58   49  104
   240   79   33  139    5   32   20   61  188   12    4  169  253   28
   222   11    9   64  150  135   11    4    6    1  403   26    5    6
     5    2    5   11   23   26   26  597   34   59   35    2   11    5
     4   37    9   12    6   16   20   13   31  350   29  171  439   95
    38  133  571    5    6    4  166   41    1   48  223   42   18    8
    31  141    3  253   11   38   42   21  356   40   23   63   37  336
   204  246   34   34   84   47   24  128    5   15   59    5   32   16
   230   61   15   18  161  212  134  155  274   73  107  127    3   39
    50    3  238   56   47  244   35   63  108   48   97   79    3   44
    30   36   65   52   68    7  133  294  297  157    4  100   93   16
    57   40    8    5   49  150  553   24  321   35   87  242  581   44
    61  177   76    5  139  356  281  161  158   63  954  107  111  377
   182    1 1898  505   58  100  848    8  790  631 1058 3875  906  107
    20  392 1551  219 1048   40   83   17  164  737    3]]

 .. ORIGINAL DISTANCE MATRIX (shape=(473, 473)):
[[   0. 8247. 8284. ... 8145. 7572. 8306.]
 [8247.    0.   37. ...  102.  675.   59.]
 [8284.   37.    0. ...  139.  712.   22.]
 ...
 [8145.  102.  139. ...    0.  573.  161.]
 [7572.  675.  712. ...  573.    0.  734.]
 [8306.   59.   22. ...  161.  734.    0.]]

 .. 473 DENDROGRAM- ORDERED DISTANCES:
[  0 459 450  23 464  10  11 458 466 444  19 460 454 456   9 471  22  58
 457  52 174 315 432 338 262  50 426  93 184 451  20  79 207 168 334 240
 226 304 463 447 358 439 331 249 245 186 363 275  16 428  60 158 236  73
 173 157 414 413 200 440 120  24 386 123  25 265   3 353 292  42 365 397
 242 431 280  69 394 125  86  83 378 191  37 346  38 294 465 208 112 383
 212 137 364  78  21 239 177 288 448   7 435 333  96 291  67 206  35 193
 342 470 203 382 441  14 442 415  77 243 385 166 263 126 298 425  13 248
 213  12  49 351 196 438 283 299  74 384 337 114 412 247 371 389   4  71
 246 124 244 152 264  33 232 201 227 176 446  41  29  53  36 400 461 445
 388  94 279  40  18 417 453   6 402 182 335 181 418   8 170  87  15  17
 234 128 113 430  90 144 167  39 368 172  44 468 151 238 211 214 281 403
 106 257  51 231 436 180 104 387  91 108 103 169 237 205 142 410 266 107
 139  68 268 408 224 297 361 443 399  31 267   1 379 434 287 223 374 317
 156 277 452 420 183 395  72 140 225 233 164 409 241 269 101  89 392  57
 202 258 424 278  81 345 401 369 396 195  45  48  99 433 405 131 356 271
 347 343 147 467 359 421  34 260 129 391  82 179 336 355  27  85  92 102
 165 323  76 362 407  95 429 235 318 398 155 272 316 133 366 367 251 135
 282 230 376 274  88 285 350 119 330  84 406 221 185 332 178 197 293 105
  59 250  64 189 259 305 313 314 222 256   2 190 136 427 370  30 312 154
  32 360 116 209 111 357 218 328 286 462 146  43 381 348 117  98 194  97
 469 153  46 377 198 327 419 373 380 118 192 215 171  62 270 134  28 141
 138  70 199 204 329 289  61 325 354 300 311 130 320 295 261  47  80 132
 187 210 296 324 188 175 150 349 455 422 217 162 411  66 326 302 307 340
  63  26  75 339 437 255 284  56  54 253 121 252 321 306 423 161 308 310
 145 375 372 160 149   5 322 290 341 301 109  55 416  65 163 390 393 159
 276 228 352 404 472 122 319 309 143 220 273 127 229 303 148 100 344 254
 110 115 219 216 449]

 .. 472 DENDROGRAM- LEVELS:
[0.000e+00 0.000e+00 1.230e+02 0.000e+00 0.000e+00 0.000e+00 0.000e+00
 0.000e+00 0.000e+00 0.000e+00 7.500e+02 0.000e+00 0.000e+00 0.000e+00
 0.000e+00 0.000e+00 0.000e+00 0.000e+00 0.000e+00 0.000e+00 0.000e+00
 0.000e+00 0.000e+00 0.000e+00 1.380e+02 0.000e+00 0.000e+00 0.000e+00
 0.000e+00 0.000e+00 0.000e+00 0.000e+00 0.000e+00 6.400e+01 0.000e+00
 0.000e+00 0.000e+00 0.000e+00 0.000e+00 0.000e+00 0.000e+00 0.000e+00
 0.000e+00 0.000e+00 0.000e+00 0.000e+00 0.000e+00 1.040e+02 0.000e+00
 0.000e+00 0.000e+00 6.700e+01 0.000e+00 0.000e+00 0.000e+00 0.000e+00
 4.600e+01 0.000e+00 0.000e+00 0.000e+00 0.000e+00 2.020e+02 0.000e+00
 0.000e+00 0.000e+00 0.000e+00 0.000e+00 0.000e+00 0.000e+00 0.000e+00
 0.000e+00 0.000e+00 0.000e+00 0.000e+00 4.300e+01 0.000e+00 0.000e+00
 0.000e+00 0.000e+00 0.000e+00 0.000e+00 0.000e+00 0.000e+00 0.000e+00
 0.000e+00 0.000e+00 1.320e+02 0.000e+00 0.000e+00 0.000e+00 0.000e+00
 0.000e+00 2.750e+02 0.000e+00 0.000e+00 0.000e+00 0.000e+00 0.000e+00
 4.900e+01 0.000e+00 0.000e+00 0.000e+00 0.000e+00 0.000e+00 0.000e+00
 0.000e+00 0.000e+00 1.960e+02 0.000e+00 0.000e+00 4.200e+01 0.000e+00
 6.700e+01 0.000e+00 8.100e+01 0.000e+00 0.000e+00 0.000e+00 0.000e+00
 0.000e+00 0.000e+00 0.000e+00 1.000e+02 0.000e+00 0.000e+00 0.000e+00
 0.000e+00 0.000e+00 0.000e+00 0.000e+00 0.000e+00 0.000e+00 1.500e+01
 0.000e+00 0.000e+00 6.000e+00 0.000e+00 0.000e+00 0.000e+00 0.000e+00
 0.000e+00 0.000e+00 0.000e+00 0.000e+00 0.000e+00 0.000e+00 0.000e+00
 0.000e+00 0.000e+00 0.000e+00 0.000e+00 0.000e+00 0.000e+00 0.000e+00
 0.000e+00 0.000e+00 0.000e+00 1.810e+02 0.000e+00 0.000e+00 0.000e+00
 0.000e+00 1.490e+02 0.000e+00 0.000e+00 0.000e+00 0.000e+00 0.000e+00
 0.000e+00 0.000e+00 0.000e+00 0.000e+00 0.000e+00 0.000e+00 0.000e+00
 3.400e+01 0.000e+00 0.000e+00 5.700e+01 0.000e+00 0.000e+00 0.000e+00
 0.000e+00 6.300e+01 0.000e+00 0.000e+00 1.300e+01 0.000e+00 1.910e+02
 0.000e+00 2.140e+02 0.000e+00 0.000e+00 0.000e+00 0.000e+00 0.000e+00
 0.000e+00 0.000e+00 5.200e+01 0.000e+00 0.000e+00 0.000e+00 0.000e+00
 0.000e+00 5.000e+00 0.000e+00 1.400e+01 0.000e+00 0.000e+00 7.000e+00
 0.000e+00 0.000e+00 0.000e+00 0.000e+00 0.000e+00 0.000e+00 0.000e+00
 0.000e+00 0.000e+00 8.000e+00 0.000e+00 0.000e+00 1.940e+02 0.000e+00
 2.000e+00 0.000e+00 0.000e+00 1.240e+02 0.000e+00 0.000e+00 0.000e+00
 0.000e+00 0.000e+00 0.000e+00 0.000e+00 0.000e+00 0.000e+00 1.200e+01
 0.000e+00 0.000e+00 2.400e+01 0.000e+00 0.000e+00 6.000e+00 0.000e+00
 0.000e+00 0.000e+00 0.000e+00 0.000e+00 0.000e+00 0.000e+00 1.100e+01
 0.000e+00 9.000e+00 0.000e+00 1.280e+02 0.000e+00 0.000e+00 0.000e+00
 0.000e+00 0.000e+00 1.000e+01 0.000e+00 0.000e+00 3.500e+01 0.000e+00
 1.900e+01 0.000e+00 0.000e+00 3.000e+00 0.000e+00 0.000e+00 3.700e+01
 0.000e+00 1.230e+02 0.000e+00 0.000e+00 5.400e+01 0.000e+00 0.000e+00
 3.000e+00 0.000e+00 2.700e+01 0.000e+00 3.600e+01 0.000e+00 4.700e+01
 0.000e+00 9.000e+00 0.000e+00 7.300e+01 0.000e+00 4.500e+01 0.000e+00
 2.900e+01 0.000e+00 1.530e+02 0.000e+00 4.100e+01 0.000e+00 5.300e+01
 0.000e+00 3.180e+02 0.000e+00 0.000e+00 0.000e+00 1.410e+02 0.000e+00
 0.000e+00 2.200e+01 0.000e+00 4.200e+01 0.000e+00 4.100e+01 0.000e+00
 2.000e+00 0.000e+00 0.000e+00 7.800e+01 0.000e+00 1.430e+02 0.000e+00
 0.000e+00 0.000e+00 8.200e+01 0.000e+00 1.650e+02 0.000e+00 0.000e+00
 9.900e+01 0.000e+00 0.000e+00 2.140e+02 0.000e+00 0.000e+00 1.810e+02
 0.000e+00 6.000e+01 0.000e+00 5.600e+01 0.000e+00 2.000e+00 4.000e+00
 0.000e+00 2.240e+02 0.000e+00 0.000e+00 6.900e+01 0.000e+00 4.000e+01
 0.000e+00 1.500e+02 0.000e+00 0.000e+00 5.100e+01 0.000e+00 6.800e+01
 0.000e+00 0.000e+00 8.200e+01 0.000e+00 0.000e+00 2.700e+01 0.000e+00
 3.000e+00 0.000e+00 3.000e+00 0.000e+00 2.810e+02 0.000e+00 4.000e+00
 1.990e+02 0.000e+00 1.940e+02 0.000e+00 1.600e+01 0.000e+00 4.300e+01
 0.000e+00 4.000e+00 9.700e+01 0.000e+00 2.840e+02 0.000e+00 4.580e+02
 0.000e+00 0.000e+00 1.250e+02 0.000e+00 3.800e+01 0.000e+00 2.700e+01
 0.000e+00 1.140e+02 0.000e+00 5.000e+00 1.460e+02 0.000e+00 3.770e+02
 0.000e+00 0.000e+00 6.000e+00 6.000e+00 6.000e+00 3.350e+02 0.000e+00
 1.940e+02 0.000e+00 4.100e+01 0.000e+00 1.740e+02 0.000e+00 1.700e+01
 0.000e+00 7.000e+00 0.000e+00 8.000e+00 1.180e+02 0.000e+00 0.000e+00
 9.000e+00 1.000e+01 1.000e+01 2.890e+02 0.000e+00 2.390e+02 0.000e+00
 2.300e+01 0.000e+00 1.300e+01 2.760e+02 0.000e+00 1.320e+02 0.000e+00
 1.500e+01 1.600e+01 1.600e+01 1.700e+01 1.580e+02 0.000e+00 1.800e+01
 2.000e+01 0.000e+00 2.100e+01 2.300e+01 2.400e+01 5.170e+02 0.000e+00
 2.600e+01 3.500e+01 3.700e+01 3.900e+01 0.000e+00 0.000e+00 4.700e+01
 4.800e+01 4.900e+01 5.300e+01 5.800e+01 5.800e+01 7.500e+01 7.800e+01
 7.900e+01 9.400e+01 1.060e+02 1.140e+02 1.170e+02 1.690e+02 1.780e+02
 2.970e+02 1.977e+03 4.434e+03]

 .. DENDROGRAM- LOCATIONS (shape=(472, 2)):
[[  1   1]
 [  2   2]
 [  4   5]
 [  4   4]
 [  8   8]
 [ 12  12]
 [ 13  13]
 [ 14  14]
 [ 15  15]
 [ 17  17]
 [ 19  21]
 [ 19  19]
 [ 26  26]
 [ 27  27]
 [ 28  28]
 [ 29  29]
 [ 30  30]
 [ 31  31]
 [ 32  32]
 [ 33  33]
 [ 34  34]
 [ 35  35]
 [ 36  36]
 [ 37  37]
 [ 38  39]
 [ 38  38]
 [ 41  41]
 [ 43  43]
 [ 44  44]
 [ 45  45]
 [ 46  46]
 [ 47  47]
 [ 48  48]
 [ 49  51]
 [ 49  49]
 [ 53  53]
 [ 54  54]
 [ 55  55]
 [ 56  56]
 [ 57  57]
 [ 59  59]
 [ 61  61]
 [ 62  62]
 [ 63  63]
 [ 64  64]
 [ 65  65]
 [ 66  66]
 [ 67  68]
 [ 67  67]
 [ 69  69]
 [ 70  70]
 [ 71  72]
 [ 71  71]
 [ 74  74]
 [ 75  75]
 [ 76  76]
 [ 77  78]
 [ 77  77]
 [ 80  80]
 [ 81  81]
 [ 82  82]
 [ 83  84]
 [ 83  83]
 [ 85  85]
 [ 87  87]
 [ 88  88]
 [ 89  89]
 [ 90  90]
 [ 91  91]
 [ 92  92]
 [ 94  94]
 [ 95  95]
 [ 97  97]
 [ 98  98]
 [ 99 100]
 [ 99  99]
 [101 101]
 [102 102]
 [104 104]
 [105 105]
 [106 106]
 [107 107]
 [109 109]
 [110 110]
 [111 111]
 [113 113]
 [114 115]
 [114 114]
 [116 116]
 [117 117]
 [118 118]
 [119 119]
 [120 121]
 [120 120]
 [122 122]
 [124 124]
 [126 126]
 [127 127]
 [128 129]
 [128 128]
 [130 130]
 [131 131]
 [132 132]
 [133 133]
 [134 134]
 [135 135]
 [136 136]
 [137 138]
 [137 137]
 [139 139]
 [140 141]
 [140 140]
 [142 143]
 [142 142]
 [144 145]
 [144 144]
 [146 146]
 [147 147]
 [148 148]
 [149 149]
 [150 150]
 [151 151]
 [152 153]
 [152 152]
 [154 154]
 [155 155]
 [156 156]
 [159 159]
 [160 160]
 [161 161]
 [162 162]
 [163 163]
 [164 165]
 [164 164]
 [166 166]
 [167 170]
 [167 167]
 [171 171]
 [172 172]
 [175 175]
 [176 176]
 [178 178]
 [179 179]
 [180 180]
 [183 183]
 [185 185]
 [187 187]
 [188 188]
 [189 189]
 [190 190]
 [192 192]
 [193 193]
 [194 194]
 [195 195]
 [197 197]
 [198 198]
 [199 199]
 [200 201]
 [200 200]
 [202 202]
 [203 203]
 [204 204]
 [205 208]
 [205 205]
 [209 209]
 [210 210]
 [211 211]
 [214 214]
 [215 215]
 [216 216]
 [217 217]
 [218 218]
 [219 219]
 [220 220]
 [221 221]
 [222 223]
 [222 222]
 [224 224]
 [225 227]
 [225 225]
 [228 228]
 [229 229]
 [230 230]
 [232 233]
 [232 232]
 [235 235]
 [237 238]
 [237 237]
 [241 242]
 [241 241]
 [245 247]
 [245 245]
 [250 250]
 [251 251]
 [252 252]
 [253 253]
 [254 254]
 [255 255]
 [256 257]
 [256 256]
 [258 258]
 [259 259]
 [260 260]
 [261 261]
 [266 267]
 [266 266]
 [268 269]
 [268 268]
 [270 270]
 [271 272]
 [271 271]
 [273 273]
 [274 274]
 [276 276]
 [277 277]
 [278 278]
 [282 282]
 [284 284]
 [285 285]
 [286 289]
 [286 286]
 [290 290]
 [293 294]
 [293 293]
 [295 296]
 [295 295]
 [297 297]
 [299 300]
 [299 299]
 [301 301]
 [302 302]
 [303 303]
 [306 306]
 [307 307]
 [308 308]
 [309 309]
 [310 310]
 [311 312]
 [311 311]
 [316 316]
 [317 318]
 [317 317]
 [319 319]
 [320 321]
 [320 320]
 [322 322]
 [323 323]
 [324 324]
 [325 325]
 [326 326]
 [327 327]
 [328 330]
 [328 328]
 [332 336]
 [332 332]
 [337 339]
 [337 337]
 [340 340]
 [341 341]
 [343 343]
 [345 345]
 [348 349]
 [348 348]
 [350 350]
 [352 355]
 [352 352]
 [357 359]
 [357 357]
 [360 360]
 [362 366]
 [362 362]
 [367 367]
 [368 369]
 [368 368]
 [371 372]
 [371 371]
 [373 373]
 [374 375]
 [374 374]
 [377 377]
 [380 381]
 [380 380]
 [384 388]
 [384 384]
 [390 391]
 [390 390]
 [392 393]
 [392 392]
 [395 396]
 [395 395]
 [398 400]
 [398 398]
 [401 404]
 [401 401]
 [407 411]
 [407 407]
 [415 416]
 [415 415]
 [419 420]
 [419 419]
 [ 42  73]
 [ 42  42]
 [ 86  93]
 [ 86  86]
 [ 96  96]
 [103 108]
 [103 112]
 [103 103]
 [157 157]
 [169 181]
 [169 169]
 [182 196]
 [182 182]
 [206 212]
 [206 206]
 [244 246]
 [263 263]
 [280 280]
 [283 287]
 [283 283]
 [291 305]
 [291 291]
 [313 313]
 [314 314]
 [329 335]
 [329 329]
 [342 344]
 [342 342]
 [347 347]
 [351 356]
 [351 351]
 [361 361]
 [365 376]
 [365 365]
 [379 379]
 [397 399]
 [397 397]
 [408 423]
 [408 408]
 [434 437]
 [434 434]
 [449 472]
 [  6  18]
 [  6   6]
 [ 20  24]
 [ 20  20]
 [ 40  40]
 [125 158]
 [125 125]
 [173 186]
 [173 173]
 [191 231]
 [191 191]
 [234 234]
 [243 279]
 [243 243]
 [281 354]
 [281 281]
 [382 382]
 [385 387]
 [385 385]
 [402 402]
 [403 409]
 [403 403]
 [413 414]
 [441 441]
 [462 469]
 [  3   3]
 [168 177]
 [168 168]
 [244 264]
 [346 370]
 [346 346]
 [394 405]
 [394 394]
 [421 427]
 [421 421]
 [430 433]
 [430 430]
 [445 446]
 [  7  25]
 [  7   7]
 [ 50 123]
 [ 50  50]
 [174 213]
 [174 174]
 [244 244]
 [248 265]
 [248 248]
 [406 410]
 [406 406]
 [422 429]
 [422 422]
 [435 443]
 [435 435]
 [449 455]
 [239 249]
 [239 239]
 [262 288]
 [262 262]
 [331 331]
 [389 412]
 [389 438]
 [442 470]
 [ 16  22]
 [ 16  16]
 [ 79 236]
 [ 79  79]
 [333 383]
 [333 333]
 [386 417]
 [386 386]
 [418 436]
 [418 418]
 [445 453]
 [298 425]
 [298 442]
 [ 60 226]
 [ 60  60]
 [424 424]
 [449 462]
 [338 432]
 [458 466]
 [184 292]
 [184 184]
 [298 304]
 [298 298]
 [353 378]
 [353 353]
 [413 440]
 [ 52 275]
 [ 52  52]
 [363 364]
 [363 363]
 [447 463]
 [315 338]
 [389 445]
 [389 468]
 [  9 315]
 [  9   9]
 [452 467]
 [449 452]
 [358 439]
 [358 447]
 [431 465]
 [413 428]
 [ 58 389]
 [ 58  58]
 [207 451]
 [358 413]
 [431 448]
 [358 431]
 [207 207]
 [240 334]
 [240 358]
 [444 460]
 [449 461]
 [456 471]
 [444 454]
 [444 456]
 [240 449]
 [426 457]
 [ 11 458]
 [ 11 444]
 [ 11 426]
 [ 11 240]
 [ 10  11]
 [ 23 464]
 [ 23 450]
 [ 10  23]
 [ 10 459]
 [  0  10]]

 .. DENDROGRAM- BRANCH POINTS (shape=(472, 2, 4)):
[[[ 459.          459.          459.          459.        ]
  [   0.            0.            0.            0.        ]]

 [[ 450.          450.          450.          450.        ]
  [   0.            0.            0.            0.        ]]

 [[ 464.          464.           10.           10.        ]
  [   0.          123.          123.            0.        ]]

 ...

 [[ 137.07617188  137.07617188  259.5         259.5       ]
  [ 117.          297.          297.          178.        ]]

 [[ 198.28808594  198.28808594  220.          220.        ]
  [ 297.         1977.         1977.            0.        ]]

 [[   0.            0.          209.14404297  209.14404297]
  [   0.         4434.         4434.         1977.        ]]]

 .. DENDROGRAM- CONNECTOR POINTS (shape=(472, 2)):
[[4.59000000e+02 0.00000000e+00]
 [4.50000000e+02 0.00000000e+00]
 [2.37000000e+02 1.23000000e+02]
 [2.37000000e+02 0.00000000e+00]
 [4.66000000e+02 0.00000000e+00]
 [4.54000000e+02 0.00000000e+00]
 [4.56000000e+02 0.00000000e+00]
 [9.00000000e+00 0.00000000e+00]
 [4.71000000e+02 0.00000000e+00]
 [5.80000000e+01 0.00000000e+00]
 [1.83500000e+02 7.50000000e+02]
 [1.83500000e+02 0.00000000e+00]
 [4.26000000e+02 0.00000000e+00]
 [9.30000000e+01 0.00000000e+00]
 [1.84000000e+02 0.00000000e+00]
 [4.51000000e+02 0.00000000e+00]
 [2.00000000e+01 0.00000000e+00]
 [7.90000000e+01 0.00000000e+00]
 [2.07000000e+02 0.00000000e+00]
 [1.68000000e+02 0.00000000e+00]
 [3.34000000e+02 0.00000000e+00]
 [2.40000000e+02 0.00000000e+00]
 [2.26000000e+02 0.00000000e+00]
 [3.04000000e+02 0.00000000e+00]
 [4.55000000e+02 1.38000000e+02]
 [4.55000000e+02 0.00000000e+00]
 [4.39000000e+02 0.00000000e+00]
 [2.49000000e+02 0.00000000e+00]
 [2.45000000e+02 0.00000000e+00]
 [1.86000000e+02 0.00000000e+00]
 [3.63000000e+02 0.00000000e+00]
 [2.75000000e+02 0.00000000e+00]
 [1.60000000e+01 0.00000000e+00]
 [2.93000000e+02 6.40000000e+01]
 [2.93000000e+02 0.00000000e+00]
 [7.30000000e+01 0.00000000e+00]
 [1.73000000e+02 0.00000000e+00]
 [1.57000000e+02 0.00000000e+00]
 [4.14000000e+02 0.00000000e+00]
 [4.13000000e+02 0.00000000e+00]
 [4.40000000e+02 0.00000000e+00]
 [2.40000000e+01 0.00000000e+00]
 [3.86000000e+02 0.00000000e+00]
 [1.23000000e+02 0.00000000e+00]
 [2.50000000e+01 0.00000000e+00]
 [2.65000000e+02 0.00000000e+00]
 [3.00000000e+00 0.00000000e+00]
 [3.22500000e+02 1.04000000e+02]
 [3.22500000e+02 0.00000000e+00]
 [4.20000000e+01 0.00000000e+00]
 [3.65000000e+02 0.00000000e+00]
 [3.19500000e+02 6.70000000e+01]
 [3.19500000e+02 0.00000000e+00]
 [2.80000000e+02 0.00000000e+00]
 [6.90000000e+01 0.00000000e+00]
 [3.94000000e+02 0.00000000e+00]
 [1.05500000e+02 4.60000000e+01]
 [1.05500000e+02 0.00000000e+00]
 [3.78000000e+02 0.00000000e+00]
 [1.91000000e+02 0.00000000e+00]
 [3.70000000e+01 0.00000000e+00]
 [1.92000000e+02 2.02000000e+02]
 [1.92000000e+02 0.00000000e+00]
 [2.94000000e+02 0.00000000e+00]
 [2.08000000e+02 0.00000000e+00]
 [1.12000000e+02 0.00000000e+00]
 [3.83000000e+02 0.00000000e+00]
 [2.12000000e+02 0.00000000e+00]
 [1.37000000e+02 0.00000000e+00]
 [3.64000000e+02 0.00000000e+00]
 [2.10000000e+01 0.00000000e+00]
 [2.39000000e+02 0.00000000e+00]
 [2.88000000e+02 0.00000000e+00]
 [4.48000000e+02 0.00000000e+00]
 [2.21000000e+02 4.30000000e+01]
 [2.21000000e+02 0.00000000e+00]
 [3.33000000e+02 0.00000000e+00]
 [9.60000000e+01 0.00000000e+00]
 [6.70000000e+01 0.00000000e+00]
 [2.06000000e+02 0.00000000e+00]
 [3.50000000e+01 0.00000000e+00]
 [1.93000000e+02 0.00000000e+00]
 [4.70000000e+02 0.00000000e+00]
 [2.03000000e+02 0.00000000e+00]
 [3.82000000e+02 0.00000000e+00]
 [1.40000000e+01 0.00000000e+00]
 [4.28500000e+02 1.32000000e+02]
 [4.28500000e+02 0.00000000e+00]
 [7.70000000e+01 0.00000000e+00]
 [2.43000000e+02 0.00000000e+00]
 [3.85000000e+02 0.00000000e+00]
 [1.66000000e+02 0.00000000e+00]
 [1.94500000e+02 2.75000000e+02]
 [1.94500000e+02 0.00000000e+00]
 [2.98000000e+02 0.00000000e+00]
 [1.30000000e+01 0.00000000e+00]
 [2.13000000e+02 0.00000000e+00]
 [1.20000000e+01 0.00000000e+00]
 [2.00000000e+02 4.90000000e+01]
 [2.00000000e+02 0.00000000e+00]
 [1.96000000e+02 0.00000000e+00]
 [4.38000000e+02 0.00000000e+00]
 [2.83000000e+02 0.00000000e+00]
 [2.99000000e+02 0.00000000e+00]
 [7.40000000e+01 0.00000000e+00]
 [3.84000000e+02 0.00000000e+00]
 [3.37000000e+02 0.00000000e+00]
 [2.63000000e+02 1.96000000e+02]
 [2.63000000e+02 0.00000000e+00]
 [2.47000000e+02 0.00000000e+00]
 [3.80000000e+02 4.20000000e+01]
 [3.80000000e+02 0.00000000e+00]
 [3.75000000e+01 6.70000000e+01]
 [3.75000000e+01 0.00000000e+00]
 [1.85000000e+02 8.10000000e+01]
 [1.85000000e+02 0.00000000e+00]
 [2.44000000e+02 0.00000000e+00]
 [1.52000000e+02 0.00000000e+00]
 [2.64000000e+02 0.00000000e+00]
 [3.30000000e+01 0.00000000e+00]
 [2.32000000e+02 0.00000000e+00]
 [2.01000000e+02 0.00000000e+00]
 [2.01500000e+02 1.00000000e+02]
 [2.01500000e+02 0.00000000e+00]
 [4.46000000e+02 0.00000000e+00]
 [4.10000000e+01 0.00000000e+00]
 [2.90000000e+01 0.00000000e+00]
 [4.00000000e+02 0.00000000e+00]
 [4.61000000e+02 0.00000000e+00]
 [4.45000000e+02 0.00000000e+00]
 [3.88000000e+02 0.00000000e+00]
 [9.40000000e+01 0.00000000e+00]
 [1.59500000e+02 1.50000000e+01]
 [1.59500000e+02 0.00000000e+00]
 [1.80000000e+01 0.00000000e+00]
 [4.09500000e+02 6.00000000e+00]
 [4.09500000e+02 0.00000000e+00]
 [1.82000000e+02 0.00000000e+00]
 [3.35000000e+02 0.00000000e+00]
 [8.00000000e+00 0.00000000e+00]
 [1.70000000e+02 0.00000000e+00]
 [1.50000000e+01 0.00000000e+00]
 [1.70000000e+01 0.00000000e+00]
 [2.34000000e+02 0.00000000e+00]
 [4.30000000e+02 0.00000000e+00]
 [1.44000000e+02 0.00000000e+00]
 [3.90000000e+01 0.00000000e+00]
 [3.68000000e+02 0.00000000e+00]
 [1.72000000e+02 0.00000000e+00]
 [4.40000000e+01 0.00000000e+00]
 [1.51000000e+02 0.00000000e+00]
 [2.38000000e+02 0.00000000e+00]
 [2.11000000e+02 0.00000000e+00]
 [2.14000000e+02 0.00000000e+00]
 [4.03000000e+02 0.00000000e+00]
 [1.06000000e+02 0.00000000e+00]
 [2.57000000e+02 0.00000000e+00]
 [1.41000000e+02 1.81000000e+02]
 [1.41000000e+02 0.00000000e+00]
 [4.36000000e+02 0.00000000e+00]
 [1.80000000e+02 0.00000000e+00]
 [1.04000000e+02 0.00000000e+00]
 [2.45000000e+02 1.49000000e+02]
 [2.45000000e+02 0.00000000e+00]
 [1.69000000e+02 0.00000000e+00]
 [2.37000000e+02 0.00000000e+00]
 [2.05000000e+02 0.00000000e+00]
 [2.66000000e+02 0.00000000e+00]
 [1.07000000e+02 0.00000000e+00]
 [1.39000000e+02 0.00000000e+00]
 [6.80000000e+01 0.00000000e+00]
 [2.68000000e+02 0.00000000e+00]
 [4.08000000e+02 0.00000000e+00]
 [2.24000000e+02 0.00000000e+00]
 [2.97000000e+02 0.00000000e+00]
 [4.02000000e+02 3.40000000e+01]
 [4.02000000e+02 0.00000000e+00]
 [3.99000000e+02 0.00000000e+00]
 [1.60000000e+01 5.70000000e+01]
 [1.60000000e+01 0.00000000e+00]
 [3.79000000e+02 0.00000000e+00]
 [4.34000000e+02 0.00000000e+00]
 [2.87000000e+02 0.00000000e+00]
 [3.45500000e+02 6.30000000e+01]
 [3.45500000e+02 0.00000000e+00]
 [2.77000000e+02 0.00000000e+00]
 [3.01500000e+02 1.30000000e+01]
 [3.01500000e+02 0.00000000e+00]
 [1.82500000e+02 1.91000000e+02]
 [1.82500000e+02 0.00000000e+00]
 [3.39000000e+02 2.14000000e+02]
 [3.39000000e+02 0.00000000e+00]
 [3.92000000e+02 0.00000000e+00]
 [5.70000000e+01 0.00000000e+00]
 [2.02000000e+02 0.00000000e+00]
 [2.58000000e+02 0.00000000e+00]
 [4.24000000e+02 0.00000000e+00]
 [2.78000000e+02 0.00000000e+00]
 [2.13000000e+02 5.20000000e+01]
 [2.13000000e+02 0.00000000e+00]
 [4.01000000e+02 0.00000000e+00]
 [3.69000000e+02 0.00000000e+00]
 [3.96000000e+02 0.00000000e+00]
 [1.95000000e+02 0.00000000e+00]
 [2.68000000e+02 5.00000000e+00]
 [2.68000000e+02 0.00000000e+00]
 [3.13500000e+02 1.40000000e+01]
 [3.13500000e+02 0.00000000e+00]
 [3.47000000e+02 0.00000000e+00]
 [2.45000000e+02 7.00000000e+00]
 [2.45000000e+02 0.00000000e+00]
 [4.67000000e+02 0.00000000e+00]
 [3.59000000e+02 0.00000000e+00]
 [3.40000000e+01 0.00000000e+00]
 [2.60000000e+02 0.00000000e+00]
 [1.29000000e+02 0.00000000e+00]
 [3.36000000e+02 0.00000000e+00]
 [2.70000000e+01 0.00000000e+00]
 [8.50000000e+01 0.00000000e+00]
 [2.07500000e+02 8.00000000e+00]
 [2.07500000e+02 0.00000000e+00]
 [7.60000000e+01 0.00000000e+00]
 [2.62000000e+02 1.94000000e+02]
 [2.62000000e+02 0.00000000e+00]
 [2.76500000e+02 2.00000000e+00]
 [2.76500000e+02 0.00000000e+00]
 [3.98000000e+02 0.00000000e+00]
 [2.94000000e+02 1.24000000e+02]
 [2.94000000e+02 0.00000000e+00]
 [1.33000000e+02 0.00000000e+00]
 [3.66000000e+02 0.00000000e+00]
 [3.67000000e+02 0.00000000e+00]
 [2.82000000e+02 0.00000000e+00]
 [2.30000000e+02 0.00000000e+00]
 [3.76000000e+02 0.00000000e+00]
 [2.74000000e+02 0.00000000e+00]
 [8.80000000e+01 0.00000000e+00]
 [3.17500000e+02 1.20000000e+01]
 [3.17500000e+02 0.00000000e+00]
 [4.06000000e+02 0.00000000e+00]
 [2.03000000e+02 2.40000000e+01]
 [2.03000000e+02 0.00000000e+00]
 [3.32000000e+02 0.00000000e+00]
 [1.87500000e+02 6.00000000e+00]
 [1.87500000e+02 0.00000000e+00]
 [2.93000000e+02 0.00000000e+00]
 [1.05000000e+02 0.00000000e+00]
 [5.90000000e+01 0.00000000e+00]
 [2.50000000e+02 0.00000000e+00]
 [6.40000000e+01 0.00000000e+00]
 [1.89000000e+02 0.00000000e+00]
 [2.86000000e+02 1.10000000e+01]
 [2.86000000e+02 0.00000000e+00]
 [1.79000000e+02 9.00000000e+00]
 [1.79000000e+02 0.00000000e+00]
 [2.28500000e+02 1.28000000e+02]
 [2.28500000e+02 0.00000000e+00]
 [3.12000000e+02 0.00000000e+00]
 [1.54000000e+02 0.00000000e+00]
 [3.60000000e+02 0.00000000e+00]
 [2.09000000e+02 0.00000000e+00]
 [2.73000000e+02 1.00000000e+01]
 [2.73000000e+02 0.00000000e+00]
 [2.86000000e+02 0.00000000e+00]
 [2.47000000e+02 3.50000000e+01]
 [2.47000000e+02 0.00000000e+00]
 [9.75000000e+01 1.90000000e+01]
 [9.75000000e+01 0.00000000e+00]
 [4.69000000e+02 0.00000000e+00]
 [2.32500000e+02 3.00000000e+00]
 [2.32500000e+02 0.00000000e+00]
 [3.73000000e+02 0.00000000e+00]
 [2.49000000e+02 3.70000000e+01]
 [2.49000000e+02 0.00000000e+00]
 [1.93000000e+02 1.23000000e+02]
 [1.93000000e+02 0.00000000e+00]
 [6.20000000e+01 0.00000000e+00]
 [2.02000000e+02 5.40000000e+01]
 [2.02000000e+02 0.00000000e+00]
 [1.41000000e+02 0.00000000e+00]
 [2.01500000e+02 3.00000000e+00]
 [2.01500000e+02 0.00000000e+00]
 [1.86000000e+02 2.70000000e+01]
 [1.86000000e+02 0.00000000e+00]
 [3.07500000e+02 3.60000000e+01]
 [3.07500000e+02 0.00000000e+00]
 [1.54000000e+02 4.70000000e+01]
 [1.54000000e+02 0.00000000e+00]
 [1.59500000e+02 9.00000000e+00]
 [1.59500000e+02 0.00000000e+00]
 [2.42000000e+02 7.30000000e+01]
 [2.42000000e+02 0.00000000e+00]
 [3.15000000e+02 4.50000000e+01]
 [3.15000000e+02 0.00000000e+00]
 [2.32000000e+02 2.90000000e+01]
 [2.32000000e+02 0.00000000e+00]
 [5.05000000e+01 1.53000000e+02]
 [5.05000000e+01 0.00000000e+00]
 [2.69500000e+02 4.10000000e+01]
 [2.69500000e+02 0.00000000e+00]
 [3.81000000e+02 5.30000000e+01]
 [3.81000000e+02 0.00000000e+00]
 [2.71500000e+02 3.18000000e+02]
 [2.71500000e+02 0.00000000e+00]
 [1.77000000e+02 0.00000000e+00]
 [3.16500000e+02 0.00000000e+00]
 [3.78750000e+02 1.41000000e+02]
 [3.78750000e+02 0.00000000e+00]
 [5.30000000e+01 0.00000000e+00]
 [6.70000000e+01 2.20000000e+01]
 [6.70000000e+01 0.00000000e+00]
 [1.97000000e+02 4.20000000e+01]
 [1.97000000e+02 0.00000000e+00]
 [1.16500000e+02 4.10000000e+01]
 [1.16500000e+02 0.00000000e+00]
 [2.02500000e+02 2.00000000e+00]
 [4.80000000e+01 0.00000000e+00]
 [8.20000000e+01 0.00000000e+00]
 [2.28500000e+02 7.80000000e+01]
 [2.28500000e+02 0.00000000e+00]
 [2.48500000e+02 1.43000000e+02]
 [2.48500000e+02 0.00000000e+00]
 [1.19000000e+02 0.00000000e+00]
 [3.30000000e+02 0.00000000e+00]
 [2.47500000e+02 8.20000000e+01]
 [2.47500000e+02 0.00000000e+00]
 [7.40000000e+01 1.65000000e+02]
 [7.40000000e+01 0.00000000e+00]
 [3.57000000e+02 0.00000000e+00]
 [2.89500000e+02 9.90000000e+01]
 [2.89500000e+02 0.00000000e+00]
 [1.53000000e+02 0.00000000e+00]
 [1.77500000e+02 2.14000000e+02]
 [1.77500000e+02 0.00000000e+00]
 [7.00000000e+01 0.00000000e+00]
 [2.67000000e+02 1.81000000e+02]
 [2.67000000e+02 0.00000000e+00]
 [3.32000000e+02 6.00000000e+01]
 [3.32000000e+02 0.00000000e+00]
 [1.88500000e+02 5.60000000e+01]
 [1.88500000e+02 0.00000000e+00]
 [3.04000000e+02 2.00000000e+00]
 [2.34000000e+02 4.00000000e+00]
 [2.34000000e+02 0.00000000e+00]
 [2.18000000e+02 2.24000000e+02]
 [2.18000000e+02 0.00000000e+00]
 [3.58000000e+02 0.00000000e+00]
 [1.42000000e+02 6.90000000e+01]
 [1.42000000e+02 0.00000000e+00]
 [1.74000000e+02 4.00000000e+01]
 [1.74000000e+02 0.00000000e+00]
 [3.45500000e+02 1.50000000e+02]
 [3.45500000e+02 0.00000000e+00]
 [1.56000000e+02 0.00000000e+00]
 [3.12000000e+02 5.10000000e+01]
 [3.12000000e+02 0.00000000e+00]
 [2.80000000e+02 6.80000000e+01]
 [2.80000000e+02 0.00000000e+00]
 [3.29000000e+02 0.00000000e+00]
 [3.12500000e+02 8.20000000e+01]
 [3.12500000e+02 0.00000000e+00]
 [1.50000000e+02 0.00000000e+00]
 [2.07500000e+02 2.70000000e+01]
 [2.07500000e+02 0.00000000e+00]
 [2.01500000e+02 3.00000000e+00]
 [3.01000000e+02 0.00000000e+00]
 [1.72000000e+02 3.00000000e+00]
 [2.30000000e+01 0.00000000e+00]
 [2.70000000e+02 2.81000000e+02]
 [2.70000000e+02 0.00000000e+00]
 [1.50750000e+02 4.00000000e+00]
 [1.51500000e+02 1.99000000e+02]
 [1.51500000e+02 0.00000000e+00]
 [2.51000000e+02 1.94000000e+02]
 [2.51000000e+02 0.00000000e+00]
 [1.81000000e+02 1.60000000e+01]
 [1.81000000e+02 0.00000000e+00]
 [3.41500000e+02 4.30000000e+01]
 [3.41500000e+02 0.00000000e+00]
 [1.14000000e+02 4.00000000e+00]
 [2.54000000e+02 9.70000000e+01]
 [2.54000000e+02 0.00000000e+00]
 [2.42500000e+02 2.84000000e+02]
 [2.42500000e+02 0.00000000e+00]
 [4.14000000e+02 4.58000000e+02]
 [4.14000000e+02 0.00000000e+00]
 [1.50750000e+02 0.00000000e+00]
 [2.67000000e+02 1.25000000e+02]
 [2.67000000e+02 0.00000000e+00]
 [2.71500000e+02 3.80000000e+01]
 [2.71500000e+02 0.00000000e+00]
 [1.07500000e+02 2.70000000e+01]
 [1.07500000e+02 0.00000000e+00]
 [1.07500000e+02 1.14000000e+02]
 [1.07500000e+02 0.00000000e+00]
 [2.13000000e+02 5.00000000e+00]
 [2.42000000e+02 1.46000000e+02]
 [2.42000000e+02 0.00000000e+00]
 [1.05000000e+02 3.77000000e+02]
 [1.05000000e+02 0.00000000e+00]
 [3.14000000e+02 0.00000000e+00]
 [2.18500000e+02 6.00000000e+00]
 [2.70250000e+02 6.00000000e+00]
 [1.64000000e+02 6.00000000e+00]
 [2.27000000e+02 3.35000000e+02]
 [2.27000000e+02 0.00000000e+00]
 [2.67500000e+02 1.94000000e+02]
 [2.67500000e+02 0.00000000e+00]
 [2.72500000e+02 4.10000000e+01]
 [2.72500000e+02 0.00000000e+00]
 [3.46500000e+02 1.74000000e+02]
 [3.46500000e+02 0.00000000e+00]
 [2.93000000e+02 1.70000000e+01]
 [2.93000000e+02 0.00000000e+00]
 [2.59000000e+02 7.00000000e+00]
 [2.03500000e+02 0.00000000e+00]
 [1.83750000e+02 8.00000000e+00]
 [1.93500000e+02 1.18000000e+02]
 [1.93500000e+02 0.00000000e+00]
 [1.21000000e+02 0.00000000e+00]
 [1.92500000e+02 9.00000000e+00]
 [2.57500000e+02 1.00000000e+01]
 [2.43500000e+02 1.00000000e+01]
 [2.48500000e+02 2.89000000e+02]
 [2.48500000e+02 0.00000000e+00]
 [2.17375000e+02 2.39000000e+02]
 [2.17375000e+02 0.00000000e+00]
 [9.05000000e+01 2.30000000e+01]
 [9.05000000e+01 0.00000000e+00]
 [2.71250000e+02 1.30000000e+01]
 [3.28500000e+02 2.76000000e+02]
 [3.28500000e+02 0.00000000e+00]
 [2.87500000e+02 1.32000000e+02]
 [2.87500000e+02 0.00000000e+00]
 [3.46500000e+02 1.50000000e+01]
 [1.70750000e+02 1.60000000e+01]
 [2.64625000e+02 1.60000000e+01]
 [1.87312500e+02 1.70000000e+01]
 [3.07375000e+02 1.58000000e+02]
 [3.07375000e+02 0.00000000e+00]
 [3.03000000e+02 1.80000000e+01]
 [2.47750000e+02 2.00000000e+01]
 [2.42000000e+02 0.00000000e+00]
 [2.94250000e+02 2.10000000e+01]
 [2.05000000e+02 2.30000000e+01]
 [3.47125000e+02 2.40000000e+01]
 [1.93656250e+02 5.17000000e+02]
 [1.93656250e+02 0.00000000e+00]
 [1.68000000e+02 2.60000000e+01]
 [3.20687500e+02 3.50000000e+01]
 [2.99000000e+02 3.70000000e+01]
 [3.09843750e+02 3.90000000e+01]
 [1.68000000e+02 0.00000000e+00]
 [3.70000000e+01 0.00000000e+00]
 [1.73421875e+02 4.70000000e+01]
 [3.44500000e+02 4.80000000e+01]
 [1.87375000e+02 4.90000000e+01]
 [2.67500000e+02 5.30000000e+01]
 [4.08250000e+02 5.80000000e+01]
 [3.37875000e+02 5.80000000e+01]
 [1.80398438e+02 7.50000000e+01]
 [3.15000000e+02 7.80000000e+01]
 [3.51750000e+02 7.90000000e+01]
 [3.44812500e+02 9.40000000e+01]
 [3.29906250e+02 1.06000000e+02]
 [2.55152344e+02 1.14000000e+02]
 [1.37076172e+02 1.17000000e+02]
 [2.43000000e+02 1.69000000e+02]
 [2.59500000e+02 1.78000000e+02]
 [1.98288086e+02 2.97000000e+02]
 [2.09144043e+02 1.97700000e+03]
 [1.04572021e+02 4.43400000e+03]]

