
** METHOD:
	dbscan
RADIUS: 11
	MINIMUM POINT CONDITION FOR CLUSTER: 2

** (shape=(1, 1034)) DATA:
[[ 18   4  33 ...  21 127  44]]

 .. K=7 CLUSTERS:

cluster #0 (shape=(1, 1000)):
[[ 18  20  17   7   4   6   2  13   6  16  25  33  40  39  28  31  24  26
   30  39  31  20  11   7   3   1   7  13  16  23  34  32  29  18  11  17
    6   7  18  10   5   2  11   2   1  10  15  26  27  38  34  23  22  11
   10   6   9   2   6  12   9  12  16  26  34  34  38  30  21  10   3   2
    3  14  14   8   1  12  13   7   9  15  26  37  38  34  41  41  46  57
   61  72  68  70  61  68  71  80  80  72  76  83  93 100  97 100 107 114
  107 102  98  92  83  87  79  85  82  84  92  83  86  94 102 107 117 128
  128 131 129 134 137 136 137 131 124 119 117 116 124 135 144 155 161 169
  172 167 157 155 165 171 162 157 149 149 158 169 178 181 191 201 192 203
  206 214 224 233 238 236 238 245 254 251 253 243 232 229 219 228 233 223
  221 224 263 268 278 288 295 284 278 267 265 265 269 297 305 312 319 195
  189 185 175 170 167 168 159 157 153 149 154 165 163 157 148 137 135 131
  126 115 108 103  93  92 102 102 110 113 104  94  86  76  66  61  51  46
   36  27  23  19  11   3   7  13  16   9   6   3   8  18  29  31  33  25
   21  28  31  24  14   9   4   9   7   3  11  18   8   4   3   7  12  20
   30  40  43  33  25  30  26  31  29  24  26  21  16   6   3   6   8   7
    9  14  22  24  34  43  53  53  64  65  61  53  52  45  42  31  29  22
   12   1   1   3   1  10   9   8  16  27  28  18  24  14   6   6   8   2
    7   2   4   7   1   8   2   8   7   3  11  20  29  40  45  56  60  69
   73  66  55  44  41  51  61  56  49  46  55  60  56  56  61  69  73  81
   87  84  75  79  70  63  56  53  44  33  22  20  25  32  24  14  16  11
    2   1   5  15  10   1   3   1   7  10   7   8   2   5   9  19  24  22
   17   6   7   4   5  16  21  22  32  22  15  21  17  16   5   1   1   4
    4   9   5   5   4   4  11  22  29  39  35  36  34  42  36  25  23  21
   10   3  11  20  31  35  29  22  22  29  19   9   7  13   7  18  24  24
   17  11  17  27  38  43  52  51  58  63  63  71  72  74  71  66  70  63
   57  50  40  39  36  34  24  15  19  14   3   1   1   3   9  15  21  18
   23  18  24  30  35  33  36  36  43  40  32  23  18  10   3  12  10   6
    1   5   5   4   2   8  16  20  23  25  29  20  11   1   1   1   8  13
   21  28  24  13  14  19  14   7   1   7  15  15   7   3   3   3  10  17
   25  31  39  34  25  18  12   7   8  10  17  28  37  36  30  25  18  11
    1   1   8  17  21  29  39  46  56  57  59  64  61  54  56  49  57  50
   41  45  35  26  30  28  29  30  21  13   6   8   6   4   5   7  13  12
    5   4  12  18  13   3  13   4   4   8   7   8   6   3  14  20  22  13
   10   1   3  13  10   1   1   5   9   4   2  11   5   5  15  24  35  36
   41  35  39  46  37  29  19  17  19  14   8  13  15  19  28  17  12   2
   11  17  20  28  34  45  40  51  62  64  75  77  76  85  92  94  95 101
   93  94 105 114 106  97 103  94  87  76  82  85  84  73  64  57  50  39
   46  56  64  72  79  89  93  96 105 111 121 123 130 133 128 126 127 130
  129 136 141 148 148 149 146 158 166 175 134 123 119 109 101  92  81  71
   73  75  77  71  62  52  42  33  25  34  40  43  41  40  29  18  14   4
    8  19  20  21  20  10   6   1   1  10  17  13   2   3   5   8  18  24
   31  40  43  45  46  52  42  36  29  23  17   8   2   6  17  23  29  20
   10   1   1   4  11  21  25  14   8   4   9   2   6  16  22  28  33  23
   31  20  10   2   3   6   2   4   6   8   2   6   5   4  12   1   4  11
    1  12   6   3   4   7  15   5   7  13  23  32  43  48  57  46  48  58
   49  39  44  47  56  50  45  34  26  21  10   1   1  10   2   6   8   9
    7   3   8   2   8  19  25  22  15  14  23  26  18  11   1   6   3   7
    5  15  20  19  21  29  31  32  35  45  48  48  41  32  24  17  23  21
   13   3  11  15   6   1   9  19  27  38  43  41  45  49  41  31  32  34
   28  17   6  12   9  17  19   8   2   1   2   7   6  15  10  20  31  29
   38  47  54  59  66  77  87  93  93  91  94  88  81  81  78  68  57  46
   38  30  19  12   6   2   9  13  10   7   5   7  13  22  32  24  13  11
    8  16  24  24  26  27  38  49  55  45  35  26  23  15   5   9   7  10
   11   8  11  11   4   3  11  18  25  21  13   6   4   3   7  44  54  68
   72  79 109 109 107 109 122 127 196 192]]

cluster #1 (shape=(1, 10)):
[[350 354 364 372 373 355 346 338 333 333]]

cluster #2 (shape=(1, 3)):
[[415 413 412]]

cluster #3 (shape=(1, 4)):
[[397 389 390 400]]

cluster #4 (shape=(1, 4)):
[[474 467 465 476]]

cluster #5 (shape=(1, 2)):
[[693 704]]

cluster #6 (shape=(1, 2)):
[[499 496]]

noise #0 (shape=(1, 1)):
[[453]]

noise #1 (shape=(1, 1)):
[[646]]

noise #2 (shape=(1, 1)):
[[600]]

noise #3 (shape=(1, 1)):
[[548]]

noise #4 (shape=(1, 1)):
[[1011]]

noise #5 (shape=(1, 1)):
[[4451]]

noise #6 (shape=(1, 1)):
[[947]]

noise #7 (shape=(1, 1)):
[[668]]

noise #8 (shape=(1, 1)):
[[819]]


** AGGLOMERATIVE hierarchical METHOD
	LINKAGE CRITERION: single

** (shape=(1, 1034)) DATA:
[[ 18   4  33 ...  21 127  44]]

 .. ORIGINAL DISTANCE MATRIX (shape=(1034, 1034)):
[[  0.  14.  15. ...   3. 109.  26.]
 [ 14.   0.  29. ...  17. 123.  40.]
 [ 15.  29.   0. ...  12.  94.  11.]
 ...
 [  3.  17.  12. ...   0. 106.  23.]
 [109. 123.  94. ... 106.   0.  83.]
 [ 26.  40.  11. ...  23.  83.   0.]]

 .. 1034 DENDROGRAM- ORDERED DISTANCES:
[   0   56  725 ... 1015 1010 1013]

 .. 1033 DENDROGRAM- LEVELS:
[   0.    0.    0. ...  115.  128. 3440.]

 .. DENDROGRAM- LOCATIONS (shape=(1033, 2)):
[[   0    0]
 [   1    1]
 [   2    2]
 ...
 [ 771 1018]
 [ 771 1010]
 [ 771 1013]]

 .. DENDROGRAM- BRANCH POINTS (shape=(1033, 2, 4)):
[[[   0.            0.            0.            0.        ]
  [   0.            0.            0.            0.        ]]

 [[  56.           56.           56.           56.        ]
  [   0.            0.            0.            0.        ]]

 [[ 725.          725.          725.          725.        ]
  [   0.            0.            0.            0.        ]]

 ...

 [[ 573.28808594  573.28808594  855.          855.        ]
  [  73.          115.          115.            0.        ]]

 [[ 714.14404297  714.14404297  826.5         826.5       ]
  [ 115.          128.          128.           64.        ]]

 [[ 770.32202148  770.32202148 1007.         1007.        ]
  [ 128.         3440.         3440.            0.        ]]]

 .. DENDROGRAM- CONNECTOR POINTS (shape=(1033, 2)):
[[   0.            0.        ]
 [  56.            0.        ]
 [ 725.            0.        ]
 ...
 [ 714.14404297  115.        ]
 [ 770.32202148  128.        ]
 [ 888.66101074 3440.        ]]

