
** METHOD:
	dbscan
RADIUS: 22
	MINIMUM POINT CONDITION FOR CLUSTER: 2

** (shape=(1, 660)) DATA:
[[3006 1609 1066 2126 1699   62   25   26  231  127    4  100  177  123
   287  419   18 1254 1429  160   91  328   83    7  104 1459  198  921
  1241  221  277    8  224   42    6   38   48   75   24   63  139  208
   108  223  222   84  104  110  248   19    8   12    3   12   48   46
    16   56   91   51  573   63  272  294   46  110    5    4    5   27
    23  137  519    5   23  264   48   12   14    6   27    3    7   10
    11  148   65  114  125   13  122   55  301    2  132   42  157  186
    17   88  410   10   49   39   77   51   17  117   38  233   88    3
    24    8   78   59   72   38  551  142   93   78   17   17   44    1
    51   38   71   75   28   79   65   24    4   26   17    4   22   21
   191   43   44  134   22   17   13    2   31  217   52   11    5    2
   274  121    2  233  151    1  140   23   43   21    6    2    6   33
    24  134   31   44   13   16   36   13   55   13   54   15    2   70
    12    4    5    7    5    8   39    2   13   83   46   51   37   23
    35   58  511   88    4    2    1    5    2    2    7    3   13    7
    32   37  154   86   99   75    8  128  155   10   14   22   35   92
    14   10   14   59  301  127  475    9   42   69    4    4  186   20
    47   75  190   57  559   12  340    1   10    9   15  150   59   54
    14   42  126   17   47   78   61   28   29  405   50  162   13   69
    31  138  479  218    8   14    9   80  147   63   94  130   14    1
     8   19    2    1    2   30   12   14   60   64   21  293  115   56
    10   24   81    1   68   12   29  115   52  125  373   82  198  439
    52   73  170  186   89  319   24  122  129  144  141  203   20    8
    23    8    2    5    5    1    5    1   25   35   43    4   10   35
    27   40   10   67   42  126    3  162  317  116   51    3  215   29
    38   12    3   35    2   10   65   51   14   77    2   32  231   11
    16   70    8    3    3   55   33    6   10   18    2   31   52    1
   184    2   43   11   79   33   50   39   27   23    5   32   20    3
    56    2  185    3   12    4   86   83  253  134  116   11    9   45
    19  122   28  109   26   11    4    6    1   68   24   21   12  196
    82   31   11    2    5   11   23   26   26  110    5  260  154   68
    12   21    1   27   32   35    2    7    4    5    3    1   16    3
    18   21   10   12    2   18   13   28    3  221   16  113   29   41
    91   39  209  230   50   50   33   30  103   56  425   90    5    5
     1    4   77   89   40    1    1   48    6   67  157   23   12   26
    31  141   23    4  180   30   30   81   11    9    6  350   14   49
     3   63   28   41  505  246   34   34  131   24  124    4    9   11
    16   43    5   32   14    2  291   15   18   11  150  162   46    4
    39    6  244    9  265   73  107    9    6   37   14   53   50   50
     3   13  105  176   47  244   35   48   15    4  104   48   97   79
     3   44   66   65   52   51   17    7   43   14  134   49  187  255
    87  112  104   93   16   57   40    8   54  150  115  312  126   24
   145  176    8  114  176   66  278  301    2  105    8    3  242  106
    38  161  496   12   41   88   41  180  382   71  286   30  185  107
    35   76   72  249    9  229  290  171  547   41  850  275  195  189
     4  682  166  205  593  399  232  659 1381  136  943 2377  282   61
   107  190  222  844  475  232  219 1048   40   83   17  164    2  577
   158    3]]

 .. K=8 CLUSTERS:

cluster #0 (shape=(1, 2)):
[[1066 1048]]

cluster #1 (shape=(1, 621)):
[[ 62  83 100  91 104 123 127 139 160 177 198 208 221 231 224 223 222 233
  248 264 277 287 272 294 301 301 293 274 253 233 217 218 198 186 191 186
  190 170 148 137 125 108 104  84  75  63  42  25  26   4  18   7   8   6
   24  38  48  48  46  56  51  63  46  27  19   8  12   3  12  16   5   4
    5  23   5  23  12  14   6  27  48  65  55  42  49  39  17   3   7  10
   11  13   2  10  17  38  51  59  77  91 110 110 114 122 132 117 134 142
  157 151 140 121 134 154 155 150 128 127 126 138 147 162 144 130 115  93
   88  88  78  72  78  71  51  38  24   3   8  17  17   1   4  24  44  38
   28  26  17   4  22  21  43  65  75  79  70  52  44  22  17  13   2  11
   31  23   5   2   2   1  21  43  33  24   6   2   6  13  31  44  36  16
   13  13  15   2  12   4   5   7   5   8   2  13  23  39  55  54  46  51
   37  35  13   4   2   1   5   2   2   7   3   7   8  10  32  37  58  75
   83  88  86  99  92  75  59  42  22  14  35  14  10  14   9   4   4  20
   12   1  10   9  15  14  17  28  47  69  57  59  54  42  47  61  78  69
   50  29  13  31  14   8   9  14   1   8  19   2   1   2  12  30  14  21
   10  24  12   1  20  29  24   8  23   8   2   5   5   1   5   1   4  25
   35  56  63  80  94  81  60  64  68  52  52  73  82  89  67  51  43  35
   27  10  10   3   3  12  29  40  42  38  35  51  65  77  70  55  33  14
    3   2  10   2  11  32  16   8   3   3   6  10  18   2   1   2  11  31
   52  43  33  50  39  27  23   5  20  32  12   3   2   3   4  11   9  19
   28  45  56  68  79  86  83  82  68  50  31  26  11   4   6   1  21  24
   12  11   2   5  11  23  26  26   5  12  21   1   2   7  27  32  35  16
    4   5   3   1   3  18  21  10  12   2  18  13  28  16   3   5   5   1
    4   1   1   6  23  29  41  39  50  33  30  40  56  77  91 109 115 125
  122 129 141 126 116 134 116 122 110 113 103  90  89  67  48  26  12  31
   23   4  11  30  30   9   6  14   3  24  28  49  63  81  73  53  41  34
   34  16   4   9  11   5  14  32  43  46  39  18   2  15  11   4   6   9
    9   6  14   3  13  35  37  50  50  47  48  48  44  66  79  97 107 124
  141 162 184 186 203 215 231 221 209 196 185 180 162 154 157 150 131 134
  112 105 104  87  65  52  51  43  49  57  40  54  66  88 104  93 115 126
  145 150 161 176 187 176 176 180 185 171 189 195 205 190 222 230 246 260
  244 265 244 255 242 249 229 232 232 219 275 291 312 328 340 319 317 301
  286 278 290 282 350 166 164 158 136 114 105 106 107 107  83  71  76  72
   61  41  24  15   4   3  17   7  14  16   8   8   2   8   3  12  30  38
   41  35  41  40  17   9   4   2   3]]

cluster #2 (shape=(1, 8)):
[[419 410 405 425 439 399 382 373]]

cluster #3 (shape=(1, 2)):
[[1254 1241]]

cluster #4 (shape=(1, 2)):
[[921 943]]

cluster #5 (shape=(1, 6)):
[[573 551 559 547 577 593]]

cluster #6 (shape=(1, 7)):
[[519 511 505 496 475 479 475]]

cluster #7 (shape=(1, 2)):
[[850 844]]

noise #0 (shape=(1, 1)):
[[3006]]

noise #1 (shape=(1, 1)):
[[1609]]

noise #2 (shape=(1, 1)):
[[2126]]

noise #3 (shape=(1, 1)):
[[1699]]

noise #4 (shape=(1, 1)):
[[1429]]

noise #5 (shape=(1, 1)):
[[1459]]

noise #6 (shape=(1, 1)):
[[682]]

noise #7 (shape=(1, 1)):
[[659]]

noise #8 (shape=(1, 1)):
[[1381]]

noise #9 (shape=(1, 1)):
[[2377]]


** AGGLOMERATIVE hierarchical METHOD
	LINKAGE CRITERION: single

** (shape=(1, 660)) DATA:
[[3006 1609 1066 2126 1699   62   25   26  231  127    4  100  177  123
   287  419   18 1254 1429  160   91  328   83    7  104 1459  198  921
  1241  221  277    8  224   42    6   38   48   75   24   63  139  208
   108  223  222   84  104  110  248   19    8   12    3   12   48   46
    16   56   91   51  573   63  272  294   46  110    5    4    5   27
    23  137  519    5   23  264   48   12   14    6   27    3    7   10
    11  148   65  114  125   13  122   55  301    2  132   42  157  186
    17   88  410   10   49   39   77   51   17  117   38  233   88    3
    24    8   78   59   72   38  551  142   93   78   17   17   44    1
    51   38   71   75   28   79   65   24    4   26   17    4   22   21
   191   43   44  134   22   17   13    2   31  217   52   11    5    2
   274  121    2  233  151    1  140   23   43   21    6    2    6   33
    24  134   31   44   13   16   36   13   55   13   54   15    2   70
    12    4    5    7    5    8   39    2   13   83   46   51   37   23
    35   58  511   88    4    2    1    5    2    2    7    3   13    7
    32   37  154   86   99   75    8  128  155   10   14   22   35   92
    14   10   14   59  301  127  475    9   42   69    4    4  186   20
    47   75  190   57  559   12  340    1   10    9   15  150   59   54
    14   42  126   17   47   78   61   28   29  405   50  162   13   69
    31  138  479  218    8   14    9   80  147   63   94  130   14    1
     8   19    2    1    2   30   12   14   60   64   21  293  115   56
    10   24   81    1   68   12   29  115   52  125  373   82  198  439
    52   73  170  186   89  319   24  122  129  144  141  203   20    8
    23    8    2    5    5    1    5    1   25   35   43    4   10   35
    27   40   10   67   42  126    3  162  317  116   51    3  215   29
    38   12    3   35    2   10   65   51   14   77    2   32  231   11
    16   70    8    3    3   55   33    6   10   18    2   31   52    1
   184    2   43   11   79   33   50   39   27   23    5   32   20    3
    56    2  185    3   12    4   86   83  253  134  116   11    9   45
    19  122   28  109   26   11    4    6    1   68   24   21   12  196
    82   31   11    2    5   11   23   26   26  110    5  260  154   68
    12   21    1   27   32   35    2    7    4    5    3    1   16    3
    18   21   10   12    2   18   13   28    3  221   16  113   29   41
    91   39  209  230   50   50   33   30  103   56  425   90    5    5
     1    4   77   89   40    1    1   48    6   67  157   23   12   26
    31  141   23    4  180   30   30   81   11    9    6  350   14   49
     3   63   28   41  505  246   34   34  131   24  124    4    9   11
    16   43    5   32   14    2  291   15   18   11  150  162   46    4
    39    6  244    9  265   73  107    9    6   37   14   53   50   50
     3   13  105  176   47  244   35   48   15    4  104   48   97   79
     3   44   66   65   52   51   17    7   43   14  134   49  187  255
    87  112  104   93   16   57   40    8   54  150  115  312  126   24
   145  176    8  114  176   66  278  301    2  105    8    3  242  106
    38  161  496   12   41   88   41  180  382   71  286   30  185  107
    35   76   72  249    9  229  290  171  547   41  850  275  195  189
     4  682  166  205  593  399  232  659 1381  136  943 2377  282   61
   107  190  222  844  475  232  219 1048   40   83   17  164    2  577
   158    3]]

 .. ORIGINAL DISTANCE MATRIX (shape=(660, 660)):
[[   0. 1397. 1940. ... 2429. 2848. 3003.]
 [1397.    0.  543. ... 1032. 1451. 1606.]
 [1940.  543.    0. ...  489.  908. 1063.]
 ...
 [2429. 1032.  489. ...    0.  419.  574.]
 [2848. 1451.  908. ...  419.    0.  155.]
 [3003. 1606. 1063. ...  574.  155.    0.]]

 .. 660 DENDROGRAM- ORDERED DISTANCES:
[  0 641   3   4   1  25  18 638  17  28   2 651 640  27 626 647 631 637
 634 657  60 242 118 624  72 198 508 604 268 230 648 307 472  15 100 261
 635 610 304 501 244  21 313 344 585 595  92 228  63 291 524 622  14 612
 642 594  30 627 154  62 536  75 431 573 400 619  48 509 534 551 600 157
 109 649 636   8 362 465 621  32  43  44 646 457  29 650 269 149 348 464
  41 633 319 306  26 419 628 140 240 645 629 572  97 311 236 614 394 378
 609 494  12 549 589 592 623 310 632 655 343 529 263 603  19 658 486  96
 218 432 212 158 528 249 583  85 274 588 317 119 491 318 160  40 267  71
 639 169 401 570 143  94 512 277 316 217 229   9 341 254 586  88 303 514
  13 315 407  90 155 107 345 402 301 584 292  87 591 459 575 429  47  65
 409  42 644 615 538 601 597 548  46 576 556  24 470  11 214 558 276 577
 120 223  20  58 462 473 479 312 607 199 110  99 574 398 213  45  22 191
 653 399 420 305 497 296 273 131 559 382 114 121 257 478 359 104 617  37
 239 215 129 309 537 116 618 128 611 365 181 233 265 415 433 298 339 485
 593 562 563 356 132  86 289  61  39 275 505   5 643 258 288 250 115 227
 197 579 241 392 471  57 293 176 369  91 251 178 582 543 150 376 564 302
 308 193 126 105  59 565 357 346 384 545 466 467 262 544 503 102 571  54
  76  36 483 557 553 256 550 238 530 192  64  55 405 171 142 124 561 332
 380 141 519 568 162  33 253 232  95 340 625 606 608 461 507 580 652 480
 337 103 385 532 188 463 350 602  35 117 108 127 194 541 211 174 439 552
 616 335 222 331 353 196 511 510 167 383 370 468 438 361 389 521 210 421
 490 170 266 148 375 495 469 496 613 285 460 260 300 349 130 506 408 259
 455 336 386 437  69  80 410 427 428 135 489   7   6 330 133 587 295 112
 513 314 416  38 168 195 426 387 161 492 322  70  74 487 144 221 138 290
 449 139 435 417 163 320 237 390  49 281 406 453  16 448 373 526  98 122
 123 566 136 654 255 106 145 578 446  56 458 364 173 518 179 525 554 248
 220  78 522 502 224 542 569 226 358 287 278 271 252 172 454 208 190 264
  89 177 175 547 146 434 182 396 451 299 351 286 418  53  77 605 488 243
  51 527 381 403 151  84 363 517 411 498 422 425  83 334 225 355 219 294
 246 338 450 101 372 231 404 539 535 272 620 247 516 499 321  50 581 598
 323 187 590 270 216 280 366 113  31 209  23 441  82 567 206 185 500 371
  79 413 533 484 164 166 540  34  66  68 326  73 325 328 186 388 475 424
 430 474 152 520 443 184 203 515 200 134 630 234 493 235 333 412 183 531
 442  67  10 555 137 397 477 659 347 395 368 342 367 207 444 391 111 447
 352  81 599 504  52 546 560 456 282 205 204 165 189 180 156 153 147  93
 656 201 284 596 523 354 360 374 452 379 393 324 423 440 297 482 481 476
 125 445 414 159 202 377 245 279 283 327 436 329]

 .. 659 DENDROGRAM- LEVELS:
[  0.   0.   0.   0.   0.   0.  77.   0.   0. 269.   0.  69.   0.   0.
   0.   0.   0. 269.   0. 182.   0.   0.   0.   0.  51.   0.  76.   0.
 100.   0.   0. 138.   0.   0. 138.   0.   0.   0.   0.   0.   0.   0.
   0.   0.   0.   0.   0. 231.   0.   0. 105.   0.   0.   0.   0.   0.
   0.   0.   0. 216.   0.   0.   0.   0.   0.   0.   0.   0.   0.  83.
   0.   0.   0.   0.  67.   0.   0.  90.   0.  29.   0.   0.   0.   0.
   0.   0.   0.   0.   0.   0.   0.   0.   0.   0.   0.   0.   0.   0.
   0.   0.   0.   0.   0.   0.   0.   0.   0.   0.   0.   0.  47.   0.
   0.   0.   0.   0.   0.   0.   0.   0.   0.   0.   0.   0.   0.   0.
   0.   0.   0. 165.   0.   0.   0.   0. 153.   0.   0.   0.   0.   0.
   0.   0.   0.   0.   0.   0.   0.   0.   0.   0.   0.   0.   0.   0.
   0.   0.   0.   0.   0.   0.   0.   0.   0.   0.   0.   0.   0.   0.
   0.   0.   0.   0.   0.   0.   0.   0.   0.   0.   0.   0.   0.   0.
   0.   0.   0.   0.   0.   0.   0.   0.  68.   0.  67.   0.   0. 145.
   0.   0.   0.   0.   0.   0.   0.   0.  68.   0.   0.   0.   0.   0.
   0.   0.   0.   0. 115.   0.   0.   0.   0.   0.   0.   0.   5.   0.
   0.   0. 109.   0.   0.   0.  33.   0.   0.   0. 149.   0.   0.   0.
 210.   0.   0.   0.   0.  31.   0.   0.   0.   0.   0.   0.   0.   0.
   0.   0.   0.   0.   4.   0.   0.   0.   0.   0.   0.   0.   0.   0.
   0.   0.   0.   0.   0.   0.   0.  97.   0.   0.   0.   0. 124.   0.
   0.   0.   0.   0.   0.   0.   0.   0.   0.   0.   0.   0.   0.   0.
   0.   0.   0.   0.   0.   0.   0.  46.   0.   0.   0.   0.   0.   0.
   0.   0.   0.   0.   0.   0.   0.  75.   0.   0.   0.   0.   0.  62.
   0.   0.   0.   0.   0.   0.   0.   0.   0.   0.   0.   0.   0.   0.
  32.   0.   0.   0.   0.   0.   0.   0.   0.   0.   0.  54.   0.   0.
   0.   0.   3.   0. 105.   0.   0.   0.   0.   0.  83.   0.   0.   0.
   0.   0.  44.   0.   0. 114.   0.   0.   0.   0.   0.   0.   0.   0.
  21.   0.  56.   0.   0.   0.   0.   0.   0.   0.   0.   0.   0.   0.
   0.   0.   0.   0.   0.   0.   0.   0.  25.   0. 205.   0.   0.   0.
   0.  52.   0. 180.   0.   0.   0.  73.   0.  34.   0.   0.   0.   0.
   0.  12.   0.   0.   0.   0.   0.   0.   0. 134.   0.   0.   0.   0.
   0.   2.   0.   0.   0.   0.   0.   0.   0.   0.   0.   0.   5.   0.
  38.   0.   0.   0. 276.   0.   0. 151.   0.  42.   0.   0.   3.   0.
  34.   0.   0.  31.   0.   0.   0.   0.   0.   0.   0.   0.   0.  33.
   0.   0.  56.   0.   0.  22.   0.  13.   0.  10.   0.  17.   0.  24.
   0. 107.   0.   6.   0.  97.   0.   0.   0.   0.  30.   0. 148.   0.
   2.   1.   0.  35.   0.   9.   0. 197.   0.  74.   0.  47.   0.  68.
   0.  12.   0.  84.   0.   0.   0.   0.  35.   0.   0.  92.   0.   0.
 193.   0. 120.   0.  75.   0. 128.   0.  74.   0.  95.   0.   0.   0.
   0.  36.   0.   3. 117.   0.   3.   0.   3.  22.   0. 325.   0. 338.
   0.  61.   0.  68.   0.   0.  79.   0. 119.   0.   4.   0.   4.   5.
  57.   0.   0. 115.   0.  57.   0.   0.  54.   0.  58.   0. 150.   0.
   5.   9.   0.   6.   6.   6.   6. 225.   0.  90.   0.  95.   0.   7.
   8.   8. 132.   0.  96.   0.  10. 139.   0.   0.  10.  10.   0.   0.
  11.  11. 231.   0.  13.  13.  14.  14.  16.  17.  18. 435.   0. 785.
   0. 665.   0.   0.  24.  26.  26.  28.  30.  30.  32.  36.   0.  43.
  48.  51.  66.  90.  93. 105. 127. 150. 175. 185. 251.   0. 629.   0.
   0.]

 .. DENDROGRAM- LOCATIONS (shape=(659, 2)):
[[  5   5]
 [  6   6]
 [  7   7]
 ...
 [  0   3]
 [  0   0]
 [615 615]]

 .. DENDROGRAM- BRANCH POINTS (shape=(659, 2, 4)):
[[[ 25.      25.      25.      25.    ]
  [  0.       0.       0.       0.    ]]

 [[ 18.      18.      18.      18.    ]
  [  0.       0.       0.       0.    ]]

 [[638.     638.     638.     638.    ]
  [  0.       0.       0.       0.    ]]

 ...

 [[  0.       0.     164.     164.    ]
  [  0.     629.     629.     251.    ]]

 [[ 82.      82.      82.      82.    ]
  [629.       0.       0.     629.    ]]

 [[344.4375 344.4375 344.4375 344.4375]
  [ 51.       0.       0.      51.    ]]]

 .. DENDROGRAM- CONNECTOR POINTS (shape=(659, 2)):
[[ 25.       0.    ]
 [ 18.       0.    ]
 [638.       0.    ]
 ...
 [ 82.     629.    ]
 [ 82.       0.    ]
 [344.4375   0.    ]]

